{
 "cells": [
  {
   "cell_type": "markdown",
   "metadata": {},
   "source": [
    "# **Background**"
   ]
  },
  {
   "cell_type": "markdown",
   "metadata": {},
   "source": [
    "For this drill, we will analyze Boston house-price data from 1978."
   ]
  },
  {
   "cell_type": "code",
   "execution_count": 365,
   "metadata": {
    "scrolled": true
   },
   "outputs": [],
   "source": [
    "from sklearn.model_selection import train_test_split\n",
    "from sklearn.datasets import load_boston\n",
    "import numpy as np\n",
    "import pandas as pd\n",
    "import scipy\n",
    "import seaborn as sns\n",
    "from collections import Counter\n",
    "from scipy.stats import ttest_ind\n",
    "import matplotlib.pyplot as plt\n",
    "import matplotlib.ticker as mtick\n",
    "%matplotlib inline\n",
    "\n",
    "boston = load_boston()\n",
    "data = boston.data\n",
    "target = boston.target\n"
   ]
  },
  {
   "cell_type": "code",
   "execution_count": 366,
   "metadata": {},
   "outputs": [
    {
     "name": "stdout",
     "output_type": "stream",
     "text": [
      "         CRIM    ZN  INDUS  CHAS    NOX     RM    AGE     DIS   RAD    TAX  \\\n",
      "0     0.00632  18.0   2.31   0.0  0.538  6.575   65.2  4.0900   1.0  296.0   \n",
      "1     0.02731   0.0   7.07   0.0  0.469  6.421   78.9  4.9671   2.0  242.0   \n",
      "2     0.02729   0.0   7.07   0.0  0.469  7.185   61.1  4.9671   2.0  242.0   \n",
      "3     0.03237   0.0   2.18   0.0  0.458  6.998   45.8  6.0622   3.0  222.0   \n",
      "4     0.06905   0.0   2.18   0.0  0.458  7.147   54.2  6.0622   3.0  222.0   \n",
      "5     0.02985   0.0   2.18   0.0  0.458  6.430   58.7  6.0622   3.0  222.0   \n",
      "6     0.08829  12.5   7.87   0.0  0.524  6.012   66.6  5.5605   5.0  311.0   \n",
      "7     0.14455  12.5   7.87   0.0  0.524  6.172   96.1  5.9505   5.0  311.0   \n",
      "8     0.21124  12.5   7.87   0.0  0.524  5.631  100.0  6.0821   5.0  311.0   \n",
      "9     0.17004  12.5   7.87   0.0  0.524  6.004   85.9  6.5921   5.0  311.0   \n",
      "10    0.22489  12.5   7.87   0.0  0.524  6.377   94.3  6.3467   5.0  311.0   \n",
      "11    0.11747  12.5   7.87   0.0  0.524  6.009   82.9  6.2267   5.0  311.0   \n",
      "12    0.09378  12.5   7.87   0.0  0.524  5.889   39.0  5.4509   5.0  311.0   \n",
      "13    0.62976   0.0   8.14   0.0  0.538  5.949   61.8  4.7075   4.0  307.0   \n",
      "14    0.63796   0.0   8.14   0.0  0.538  6.096   84.5  4.4619   4.0  307.0   \n",
      "15    0.62739   0.0   8.14   0.0  0.538  5.834   56.5  4.4986   4.0  307.0   \n",
      "16    1.05393   0.0   8.14   0.0  0.538  5.935   29.3  4.4986   4.0  307.0   \n",
      "17    0.78420   0.0   8.14   0.0  0.538  5.990   81.7  4.2579   4.0  307.0   \n",
      "18    0.80271   0.0   8.14   0.0  0.538  5.456   36.6  3.7965   4.0  307.0   \n",
      "19    0.72580   0.0   8.14   0.0  0.538  5.727   69.5  3.7965   4.0  307.0   \n",
      "20    1.25179   0.0   8.14   0.0  0.538  5.570   98.1  3.7979   4.0  307.0   \n",
      "21    0.85204   0.0   8.14   0.0  0.538  5.965   89.2  4.0123   4.0  307.0   \n",
      "22    1.23247   0.0   8.14   0.0  0.538  6.142   91.7  3.9769   4.0  307.0   \n",
      "23    0.98843   0.0   8.14   0.0  0.538  5.813  100.0  4.0952   4.0  307.0   \n",
      "24    0.75026   0.0   8.14   0.0  0.538  5.924   94.1  4.3996   4.0  307.0   \n",
      "25    0.84054   0.0   8.14   0.0  0.538  5.599   85.7  4.4546   4.0  307.0   \n",
      "26    0.67191   0.0   8.14   0.0  0.538  5.813   90.3  4.6820   4.0  307.0   \n",
      "27    0.95577   0.0   8.14   0.0  0.538  6.047   88.8  4.4534   4.0  307.0   \n",
      "28    0.77299   0.0   8.14   0.0  0.538  6.495   94.4  4.4547   4.0  307.0   \n",
      "29    1.00245   0.0   8.14   0.0  0.538  6.674   87.3  4.2390   4.0  307.0   \n",
      "..        ...   ...    ...   ...    ...    ...    ...     ...   ...    ...   \n",
      "476   4.87141   0.0  18.10   0.0  0.614  6.484   93.6  2.3053  24.0  666.0   \n",
      "477  15.02340   0.0  18.10   0.0  0.614  5.304   97.3  2.1007  24.0  666.0   \n",
      "478  10.23300   0.0  18.10   0.0  0.614  6.185   96.7  2.1705  24.0  666.0   \n",
      "479  14.33370   0.0  18.10   0.0  0.614  6.229   88.0  1.9512  24.0  666.0   \n",
      "480   5.82401   0.0  18.10   0.0  0.532  6.242   64.7  3.4242  24.0  666.0   \n",
      "481   5.70818   0.0  18.10   0.0  0.532  6.750   74.9  3.3317  24.0  666.0   \n",
      "482   5.73116   0.0  18.10   0.0  0.532  7.061   77.0  3.4106  24.0  666.0   \n",
      "483   2.81838   0.0  18.10   0.0  0.532  5.762   40.3  4.0983  24.0  666.0   \n",
      "484   2.37857   0.0  18.10   0.0  0.583  5.871   41.9  3.7240  24.0  666.0   \n",
      "485   3.67367   0.0  18.10   0.0  0.583  6.312   51.9  3.9917  24.0  666.0   \n",
      "486   5.69175   0.0  18.10   0.0  0.583  6.114   79.8  3.5459  24.0  666.0   \n",
      "487   4.83567   0.0  18.10   0.0  0.583  5.905   53.2  3.1523  24.0  666.0   \n",
      "488   0.15086   0.0  27.74   0.0  0.609  5.454   92.7  1.8209   4.0  711.0   \n",
      "489   0.18337   0.0  27.74   0.0  0.609  5.414   98.3  1.7554   4.0  711.0   \n",
      "490   0.20746   0.0  27.74   0.0  0.609  5.093   98.0  1.8226   4.0  711.0   \n",
      "491   0.10574   0.0  27.74   0.0  0.609  5.983   98.8  1.8681   4.0  711.0   \n",
      "492   0.11132   0.0  27.74   0.0  0.609  5.983   83.5  2.1099   4.0  711.0   \n",
      "493   0.17331   0.0   9.69   0.0  0.585  5.707   54.0  2.3817   6.0  391.0   \n",
      "494   0.27957   0.0   9.69   0.0  0.585  5.926   42.6  2.3817   6.0  391.0   \n",
      "495   0.17899   0.0   9.69   0.0  0.585  5.670   28.8  2.7986   6.0  391.0   \n",
      "496   0.28960   0.0   9.69   0.0  0.585  5.390   72.9  2.7986   6.0  391.0   \n",
      "497   0.26838   0.0   9.69   0.0  0.585  5.794   70.6  2.8927   6.0  391.0   \n",
      "498   0.23912   0.0   9.69   0.0  0.585  6.019   65.3  2.4091   6.0  391.0   \n",
      "499   0.17783   0.0   9.69   0.0  0.585  5.569   73.5  2.3999   6.0  391.0   \n",
      "500   0.22438   0.0   9.69   0.0  0.585  6.027   79.7  2.4982   6.0  391.0   \n",
      "501   0.06263   0.0  11.93   0.0  0.573  6.593   69.1  2.4786   1.0  273.0   \n",
      "502   0.04527   0.0  11.93   0.0  0.573  6.120   76.7  2.2875   1.0  273.0   \n",
      "503   0.06076   0.0  11.93   0.0  0.573  6.976   91.0  2.1675   1.0  273.0   \n",
      "504   0.10959   0.0  11.93   0.0  0.573  6.794   89.3  2.3889   1.0  273.0   \n",
      "505   0.04741   0.0  11.93   0.0  0.573  6.030   80.8  2.5050   1.0  273.0   \n",
      "\n",
      "     PTRATIO       B  LSTAT  MEDV  \n",
      "0       15.3  396.90   4.98  24.0  \n",
      "1       17.8  396.90   9.14  21.6  \n",
      "2       17.8  392.83   4.03  34.7  \n",
      "3       18.7  394.63   2.94  33.4  \n",
      "4       18.7  396.90   5.33  36.2  \n",
      "5       18.7  394.12   5.21  28.7  \n",
      "6       15.2  395.60  12.43  22.9  \n",
      "7       15.2  396.90  19.15  27.1  \n",
      "8       15.2  386.63  29.93  16.5  \n",
      "9       15.2  386.71  17.10  18.9  \n",
      "10      15.2  392.52  20.45  15.0  \n",
      "11      15.2  396.90  13.27  18.9  \n",
      "12      15.2  390.50  15.71  21.7  \n",
      "13      21.0  396.90   8.26  20.4  \n",
      "14      21.0  380.02  10.26  18.2  \n",
      "15      21.0  395.62   8.47  19.9  \n",
      "16      21.0  386.85   6.58  23.1  \n",
      "17      21.0  386.75  14.67  17.5  \n",
      "18      21.0  288.99  11.69  20.2  \n",
      "19      21.0  390.95  11.28  18.2  \n",
      "20      21.0  376.57  21.02  13.6  \n",
      "21      21.0  392.53  13.83  19.6  \n",
      "22      21.0  396.90  18.72  15.2  \n",
      "23      21.0  394.54  19.88  14.5  \n",
      "24      21.0  394.33  16.30  15.6  \n",
      "25      21.0  303.42  16.51  13.9  \n",
      "26      21.0  376.88  14.81  16.6  \n",
      "27      21.0  306.38  17.28  14.8  \n",
      "28      21.0  387.94  12.80  18.4  \n",
      "29      21.0  380.23  11.98  21.0  \n",
      "..       ...     ...    ...   ...  \n",
      "476     20.2  396.21  18.68  16.7  \n",
      "477     20.2  349.48  24.91  12.0  \n",
      "478     20.2  379.70  18.03  14.6  \n",
      "479     20.2  383.32  13.11  21.4  \n",
      "480     20.2  396.90  10.74  23.0  \n",
      "481     20.2  393.07   7.74  23.7  \n",
      "482     20.2  395.28   7.01  25.0  \n",
      "483     20.2  392.92  10.42  21.8  \n",
      "484     20.2  370.73  13.34  20.6  \n",
      "485     20.2  388.62  10.58  21.2  \n",
      "486     20.2  392.68  14.98  19.1  \n",
      "487     20.2  388.22  11.45  20.6  \n",
      "488     20.1  395.09  18.06  15.2  \n",
      "489     20.1  344.05  23.97   7.0  \n",
      "490     20.1  318.43  29.68   8.1  \n",
      "491     20.1  390.11  18.07  13.6  \n",
      "492     20.1  396.90  13.35  20.1  \n",
      "493     19.2  396.90  12.01  21.8  \n",
      "494     19.2  396.90  13.59  24.5  \n",
      "495     19.2  393.29  17.60  23.1  \n",
      "496     19.2  396.90  21.14  19.7  \n",
      "497     19.2  396.90  14.10  18.3  \n",
      "498     19.2  396.90  12.92  21.2  \n",
      "499     19.2  395.77  15.10  17.5  \n",
      "500     19.2  396.90  14.33  16.8  \n",
      "501     21.0  391.99   9.67  22.4  \n",
      "502     21.0  396.90   9.08  20.6  \n",
      "503     21.0  396.90   5.64  23.9  \n",
      "504     21.0  393.45   6.48  22.0  \n",
      "505     21.0  396.90   7.88  11.9  \n",
      "\n",
      "[506 rows x 14 columns]\n"
     ]
    }
   ],
   "source": [
    "df = pd.DataFrame(boston.data, columns=boston.feature_names)\n",
    "df['MEDV'] = boston.target\n",
    "print(df)"
   ]
  },
  {
   "cell_type": "code",
   "execution_count": 367,
   "metadata": {},
   "outputs": [
    {
     "data": {
      "text/html": [
       "<div>\n",
       "<style>\n",
       "    .dataframe thead tr:only-child th {\n",
       "        text-align: right;\n",
       "    }\n",
       "\n",
       "    .dataframe thead th {\n",
       "        text-align: left;\n",
       "    }\n",
       "\n",
       "    .dataframe tbody tr th {\n",
       "        vertical-align: top;\n",
       "    }\n",
       "</style>\n",
       "<table border=\"1\" class=\"dataframe\">\n",
       "  <thead>\n",
       "    <tr style=\"text-align: right;\">\n",
       "      <th></th>\n",
       "      <th>CRIM</th>\n",
       "      <th>ZN</th>\n",
       "      <th>INDUS</th>\n",
       "      <th>CHAS</th>\n",
       "      <th>NOX</th>\n",
       "      <th>RM</th>\n",
       "      <th>AGE</th>\n",
       "      <th>DIS</th>\n",
       "      <th>RAD</th>\n",
       "      <th>TAX</th>\n",
       "      <th>PTRATIO</th>\n",
       "      <th>B</th>\n",
       "      <th>LSTAT</th>\n",
       "      <th>MEDV</th>\n",
       "    </tr>\n",
       "  </thead>\n",
       "  <tbody>\n",
       "    <tr>\n",
       "      <th>count</th>\n",
       "      <td>506.000000</td>\n",
       "      <td>506.000000</td>\n",
       "      <td>506.000000</td>\n",
       "      <td>506.000000</td>\n",
       "      <td>506.000000</td>\n",
       "      <td>506.000000</td>\n",
       "      <td>506.000000</td>\n",
       "      <td>506.000000</td>\n",
       "      <td>506.000000</td>\n",
       "      <td>506.000000</td>\n",
       "      <td>506.000000</td>\n",
       "      <td>506.000000</td>\n",
       "      <td>506.000000</td>\n",
       "      <td>506.000000</td>\n",
       "    </tr>\n",
       "    <tr>\n",
       "      <th>mean</th>\n",
       "      <td>3.593761</td>\n",
       "      <td>11.363636</td>\n",
       "      <td>11.136779</td>\n",
       "      <td>0.069170</td>\n",
       "      <td>0.554695</td>\n",
       "      <td>6.284634</td>\n",
       "      <td>68.574901</td>\n",
       "      <td>3.795043</td>\n",
       "      <td>9.549407</td>\n",
       "      <td>408.237154</td>\n",
       "      <td>18.455534</td>\n",
       "      <td>356.674032</td>\n",
       "      <td>12.653063</td>\n",
       "      <td>22.532806</td>\n",
       "    </tr>\n",
       "    <tr>\n",
       "      <th>std</th>\n",
       "      <td>8.596783</td>\n",
       "      <td>23.322453</td>\n",
       "      <td>6.860353</td>\n",
       "      <td>0.253994</td>\n",
       "      <td>0.115878</td>\n",
       "      <td>0.702617</td>\n",
       "      <td>28.148861</td>\n",
       "      <td>2.105710</td>\n",
       "      <td>8.707259</td>\n",
       "      <td>168.537116</td>\n",
       "      <td>2.164946</td>\n",
       "      <td>91.294864</td>\n",
       "      <td>7.141062</td>\n",
       "      <td>9.197104</td>\n",
       "    </tr>\n",
       "    <tr>\n",
       "      <th>min</th>\n",
       "      <td>0.006320</td>\n",
       "      <td>0.000000</td>\n",
       "      <td>0.460000</td>\n",
       "      <td>0.000000</td>\n",
       "      <td>0.385000</td>\n",
       "      <td>3.561000</td>\n",
       "      <td>2.900000</td>\n",
       "      <td>1.129600</td>\n",
       "      <td>1.000000</td>\n",
       "      <td>187.000000</td>\n",
       "      <td>12.600000</td>\n",
       "      <td>0.320000</td>\n",
       "      <td>1.730000</td>\n",
       "      <td>5.000000</td>\n",
       "    </tr>\n",
       "    <tr>\n",
       "      <th>25%</th>\n",
       "      <td>0.082045</td>\n",
       "      <td>0.000000</td>\n",
       "      <td>5.190000</td>\n",
       "      <td>0.000000</td>\n",
       "      <td>0.449000</td>\n",
       "      <td>5.885500</td>\n",
       "      <td>45.025000</td>\n",
       "      <td>2.100175</td>\n",
       "      <td>4.000000</td>\n",
       "      <td>279.000000</td>\n",
       "      <td>17.400000</td>\n",
       "      <td>375.377500</td>\n",
       "      <td>6.950000</td>\n",
       "      <td>17.025000</td>\n",
       "    </tr>\n",
       "    <tr>\n",
       "      <th>50%</th>\n",
       "      <td>0.256510</td>\n",
       "      <td>0.000000</td>\n",
       "      <td>9.690000</td>\n",
       "      <td>0.000000</td>\n",
       "      <td>0.538000</td>\n",
       "      <td>6.208500</td>\n",
       "      <td>77.500000</td>\n",
       "      <td>3.207450</td>\n",
       "      <td>5.000000</td>\n",
       "      <td>330.000000</td>\n",
       "      <td>19.050000</td>\n",
       "      <td>391.440000</td>\n",
       "      <td>11.360000</td>\n",
       "      <td>21.200000</td>\n",
       "    </tr>\n",
       "    <tr>\n",
       "      <th>75%</th>\n",
       "      <td>3.647423</td>\n",
       "      <td>12.500000</td>\n",
       "      <td>18.100000</td>\n",
       "      <td>0.000000</td>\n",
       "      <td>0.624000</td>\n",
       "      <td>6.623500</td>\n",
       "      <td>94.075000</td>\n",
       "      <td>5.188425</td>\n",
       "      <td>24.000000</td>\n",
       "      <td>666.000000</td>\n",
       "      <td>20.200000</td>\n",
       "      <td>396.225000</td>\n",
       "      <td>16.955000</td>\n",
       "      <td>25.000000</td>\n",
       "    </tr>\n",
       "    <tr>\n",
       "      <th>max</th>\n",
       "      <td>88.976200</td>\n",
       "      <td>100.000000</td>\n",
       "      <td>27.740000</td>\n",
       "      <td>1.000000</td>\n",
       "      <td>0.871000</td>\n",
       "      <td>8.780000</td>\n",
       "      <td>100.000000</td>\n",
       "      <td>12.126500</td>\n",
       "      <td>24.000000</td>\n",
       "      <td>711.000000</td>\n",
       "      <td>22.000000</td>\n",
       "      <td>396.900000</td>\n",
       "      <td>37.970000</td>\n",
       "      <td>50.000000</td>\n",
       "    </tr>\n",
       "  </tbody>\n",
       "</table>\n",
       "</div>"
      ],
      "text/plain": [
       "             CRIM          ZN       INDUS        CHAS         NOX          RM  \\\n",
       "count  506.000000  506.000000  506.000000  506.000000  506.000000  506.000000   \n",
       "mean     3.593761   11.363636   11.136779    0.069170    0.554695    6.284634   \n",
       "std      8.596783   23.322453    6.860353    0.253994    0.115878    0.702617   \n",
       "min      0.006320    0.000000    0.460000    0.000000    0.385000    3.561000   \n",
       "25%      0.082045    0.000000    5.190000    0.000000    0.449000    5.885500   \n",
       "50%      0.256510    0.000000    9.690000    0.000000    0.538000    6.208500   \n",
       "75%      3.647423   12.500000   18.100000    0.000000    0.624000    6.623500   \n",
       "max     88.976200  100.000000   27.740000    1.000000    0.871000    8.780000   \n",
       "\n",
       "              AGE         DIS         RAD         TAX     PTRATIO           B  \\\n",
       "count  506.000000  506.000000  506.000000  506.000000  506.000000  506.000000   \n",
       "mean    68.574901    3.795043    9.549407  408.237154   18.455534  356.674032   \n",
       "std     28.148861    2.105710    8.707259  168.537116    2.164946   91.294864   \n",
       "min      2.900000    1.129600    1.000000  187.000000   12.600000    0.320000   \n",
       "25%     45.025000    2.100175    4.000000  279.000000   17.400000  375.377500   \n",
       "50%     77.500000    3.207450    5.000000  330.000000   19.050000  391.440000   \n",
       "75%     94.075000    5.188425   24.000000  666.000000   20.200000  396.225000   \n",
       "max    100.000000   12.126500   24.000000  711.000000   22.000000  396.900000   \n",
       "\n",
       "            LSTAT        MEDV  \n",
       "count  506.000000  506.000000  \n",
       "mean    12.653063   22.532806  \n",
       "std      7.141062    9.197104  \n",
       "min      1.730000    5.000000  \n",
       "25%      6.950000   17.025000  \n",
       "50%     11.360000   21.200000  \n",
       "75%     16.955000   25.000000  \n",
       "max     37.970000   50.000000  "
      ]
     },
     "execution_count": 367,
     "metadata": {},
     "output_type": "execute_result"
    }
   ],
   "source": [
    "df.describe()"
   ]
  },
  {
   "cell_type": "code",
   "execution_count": 368,
   "metadata": {},
   "outputs": [
    {
     "data": {
      "text/html": [
       "<div>\n",
       "<style>\n",
       "    .dataframe thead tr:only-child th {\n",
       "        text-align: right;\n",
       "    }\n",
       "\n",
       "    .dataframe thead th {\n",
       "        text-align: left;\n",
       "    }\n",
       "\n",
       "    .dataframe tbody tr th {\n",
       "        vertical-align: top;\n",
       "    }\n",
       "</style>\n",
       "<table border=\"1\" class=\"dataframe\">\n",
       "  <thead>\n",
       "    <tr style=\"text-align: right;\">\n",
       "      <th></th>\n",
       "      <th>CRIM</th>\n",
       "      <th>ZN</th>\n",
       "      <th>INDUS</th>\n",
       "      <th>CHAS</th>\n",
       "      <th>NOX</th>\n",
       "      <th>RM</th>\n",
       "      <th>AGE</th>\n",
       "      <th>DIS</th>\n",
       "      <th>RAD</th>\n",
       "      <th>TAX</th>\n",
       "      <th>PTRATIO</th>\n",
       "      <th>B</th>\n",
       "      <th>LSTAT</th>\n",
       "      <th>MEDV</th>\n",
       "    </tr>\n",
       "  </thead>\n",
       "  <tbody>\n",
       "    <tr>\n",
       "      <th>CRIM</th>\n",
       "      <td>1.000000</td>\n",
       "      <td>-0.199458</td>\n",
       "      <td>0.404471</td>\n",
       "      <td>-0.055295</td>\n",
       "      <td>0.417521</td>\n",
       "      <td>-0.219940</td>\n",
       "      <td>0.350784</td>\n",
       "      <td>-0.377904</td>\n",
       "      <td>0.622029</td>\n",
       "      <td>0.579564</td>\n",
       "      <td>0.288250</td>\n",
       "      <td>-0.377365</td>\n",
       "      <td>0.452220</td>\n",
       "      <td>-0.385832</td>\n",
       "    </tr>\n",
       "    <tr>\n",
       "      <th>ZN</th>\n",
       "      <td>-0.199458</td>\n",
       "      <td>1.000000</td>\n",
       "      <td>-0.533828</td>\n",
       "      <td>-0.042697</td>\n",
       "      <td>-0.516604</td>\n",
       "      <td>0.311991</td>\n",
       "      <td>-0.569537</td>\n",
       "      <td>0.664408</td>\n",
       "      <td>-0.311948</td>\n",
       "      <td>-0.314563</td>\n",
       "      <td>-0.391679</td>\n",
       "      <td>0.175520</td>\n",
       "      <td>-0.412995</td>\n",
       "      <td>0.360445</td>\n",
       "    </tr>\n",
       "    <tr>\n",
       "      <th>INDUS</th>\n",
       "      <td>0.404471</td>\n",
       "      <td>-0.533828</td>\n",
       "      <td>1.000000</td>\n",
       "      <td>0.062938</td>\n",
       "      <td>0.763651</td>\n",
       "      <td>-0.391676</td>\n",
       "      <td>0.644779</td>\n",
       "      <td>-0.708027</td>\n",
       "      <td>0.595129</td>\n",
       "      <td>0.720760</td>\n",
       "      <td>0.383248</td>\n",
       "      <td>-0.356977</td>\n",
       "      <td>0.603800</td>\n",
       "      <td>-0.483725</td>\n",
       "    </tr>\n",
       "    <tr>\n",
       "      <th>CHAS</th>\n",
       "      <td>-0.055295</td>\n",
       "      <td>-0.042697</td>\n",
       "      <td>0.062938</td>\n",
       "      <td>1.000000</td>\n",
       "      <td>0.091203</td>\n",
       "      <td>0.091251</td>\n",
       "      <td>0.086518</td>\n",
       "      <td>-0.099176</td>\n",
       "      <td>-0.007368</td>\n",
       "      <td>-0.035587</td>\n",
       "      <td>-0.121515</td>\n",
       "      <td>0.048788</td>\n",
       "      <td>-0.053929</td>\n",
       "      <td>0.175260</td>\n",
       "    </tr>\n",
       "    <tr>\n",
       "      <th>NOX</th>\n",
       "      <td>0.417521</td>\n",
       "      <td>-0.516604</td>\n",
       "      <td>0.763651</td>\n",
       "      <td>0.091203</td>\n",
       "      <td>1.000000</td>\n",
       "      <td>-0.302188</td>\n",
       "      <td>0.731470</td>\n",
       "      <td>-0.769230</td>\n",
       "      <td>0.611441</td>\n",
       "      <td>0.668023</td>\n",
       "      <td>0.188933</td>\n",
       "      <td>-0.380051</td>\n",
       "      <td>0.590879</td>\n",
       "      <td>-0.427321</td>\n",
       "    </tr>\n",
       "    <tr>\n",
       "      <th>RM</th>\n",
       "      <td>-0.219940</td>\n",
       "      <td>0.311991</td>\n",
       "      <td>-0.391676</td>\n",
       "      <td>0.091251</td>\n",
       "      <td>-0.302188</td>\n",
       "      <td>1.000000</td>\n",
       "      <td>-0.240265</td>\n",
       "      <td>0.205246</td>\n",
       "      <td>-0.209847</td>\n",
       "      <td>-0.292048</td>\n",
       "      <td>-0.355501</td>\n",
       "      <td>0.128069</td>\n",
       "      <td>-0.613808</td>\n",
       "      <td>0.695360</td>\n",
       "    </tr>\n",
       "    <tr>\n",
       "      <th>AGE</th>\n",
       "      <td>0.350784</td>\n",
       "      <td>-0.569537</td>\n",
       "      <td>0.644779</td>\n",
       "      <td>0.086518</td>\n",
       "      <td>0.731470</td>\n",
       "      <td>-0.240265</td>\n",
       "      <td>1.000000</td>\n",
       "      <td>-0.747881</td>\n",
       "      <td>0.456022</td>\n",
       "      <td>0.506456</td>\n",
       "      <td>0.261515</td>\n",
       "      <td>-0.273534</td>\n",
       "      <td>0.602339</td>\n",
       "      <td>-0.376955</td>\n",
       "    </tr>\n",
       "    <tr>\n",
       "      <th>DIS</th>\n",
       "      <td>-0.377904</td>\n",
       "      <td>0.664408</td>\n",
       "      <td>-0.708027</td>\n",
       "      <td>-0.099176</td>\n",
       "      <td>-0.769230</td>\n",
       "      <td>0.205246</td>\n",
       "      <td>-0.747881</td>\n",
       "      <td>1.000000</td>\n",
       "      <td>-0.494588</td>\n",
       "      <td>-0.534432</td>\n",
       "      <td>-0.232471</td>\n",
       "      <td>0.291512</td>\n",
       "      <td>-0.496996</td>\n",
       "      <td>0.249929</td>\n",
       "    </tr>\n",
       "    <tr>\n",
       "      <th>RAD</th>\n",
       "      <td>0.622029</td>\n",
       "      <td>-0.311948</td>\n",
       "      <td>0.595129</td>\n",
       "      <td>-0.007368</td>\n",
       "      <td>0.611441</td>\n",
       "      <td>-0.209847</td>\n",
       "      <td>0.456022</td>\n",
       "      <td>-0.494588</td>\n",
       "      <td>1.000000</td>\n",
       "      <td>0.910228</td>\n",
       "      <td>0.464741</td>\n",
       "      <td>-0.444413</td>\n",
       "      <td>0.488676</td>\n",
       "      <td>-0.381626</td>\n",
       "    </tr>\n",
       "    <tr>\n",
       "      <th>TAX</th>\n",
       "      <td>0.579564</td>\n",
       "      <td>-0.314563</td>\n",
       "      <td>0.720760</td>\n",
       "      <td>-0.035587</td>\n",
       "      <td>0.668023</td>\n",
       "      <td>-0.292048</td>\n",
       "      <td>0.506456</td>\n",
       "      <td>-0.534432</td>\n",
       "      <td>0.910228</td>\n",
       "      <td>1.000000</td>\n",
       "      <td>0.460853</td>\n",
       "      <td>-0.441808</td>\n",
       "      <td>0.543993</td>\n",
       "      <td>-0.468536</td>\n",
       "    </tr>\n",
       "    <tr>\n",
       "      <th>PTRATIO</th>\n",
       "      <td>0.288250</td>\n",
       "      <td>-0.391679</td>\n",
       "      <td>0.383248</td>\n",
       "      <td>-0.121515</td>\n",
       "      <td>0.188933</td>\n",
       "      <td>-0.355501</td>\n",
       "      <td>0.261515</td>\n",
       "      <td>-0.232471</td>\n",
       "      <td>0.464741</td>\n",
       "      <td>0.460853</td>\n",
       "      <td>1.000000</td>\n",
       "      <td>-0.177383</td>\n",
       "      <td>0.374044</td>\n",
       "      <td>-0.507787</td>\n",
       "    </tr>\n",
       "    <tr>\n",
       "      <th>B</th>\n",
       "      <td>-0.377365</td>\n",
       "      <td>0.175520</td>\n",
       "      <td>-0.356977</td>\n",
       "      <td>0.048788</td>\n",
       "      <td>-0.380051</td>\n",
       "      <td>0.128069</td>\n",
       "      <td>-0.273534</td>\n",
       "      <td>0.291512</td>\n",
       "      <td>-0.444413</td>\n",
       "      <td>-0.441808</td>\n",
       "      <td>-0.177383</td>\n",
       "      <td>1.000000</td>\n",
       "      <td>-0.366087</td>\n",
       "      <td>0.333461</td>\n",
       "    </tr>\n",
       "    <tr>\n",
       "      <th>LSTAT</th>\n",
       "      <td>0.452220</td>\n",
       "      <td>-0.412995</td>\n",
       "      <td>0.603800</td>\n",
       "      <td>-0.053929</td>\n",
       "      <td>0.590879</td>\n",
       "      <td>-0.613808</td>\n",
       "      <td>0.602339</td>\n",
       "      <td>-0.496996</td>\n",
       "      <td>0.488676</td>\n",
       "      <td>0.543993</td>\n",
       "      <td>0.374044</td>\n",
       "      <td>-0.366087</td>\n",
       "      <td>1.000000</td>\n",
       "      <td>-0.737663</td>\n",
       "    </tr>\n",
       "    <tr>\n",
       "      <th>MEDV</th>\n",
       "      <td>-0.385832</td>\n",
       "      <td>0.360445</td>\n",
       "      <td>-0.483725</td>\n",
       "      <td>0.175260</td>\n",
       "      <td>-0.427321</td>\n",
       "      <td>0.695360</td>\n",
       "      <td>-0.376955</td>\n",
       "      <td>0.249929</td>\n",
       "      <td>-0.381626</td>\n",
       "      <td>-0.468536</td>\n",
       "      <td>-0.507787</td>\n",
       "      <td>0.333461</td>\n",
       "      <td>-0.737663</td>\n",
       "      <td>1.000000</td>\n",
       "    </tr>\n",
       "  </tbody>\n",
       "</table>\n",
       "</div>"
      ],
      "text/plain": [
       "             CRIM        ZN     INDUS      CHAS       NOX        RM       AGE  \\\n",
       "CRIM     1.000000 -0.199458  0.404471 -0.055295  0.417521 -0.219940  0.350784   \n",
       "ZN      -0.199458  1.000000 -0.533828 -0.042697 -0.516604  0.311991 -0.569537   \n",
       "INDUS    0.404471 -0.533828  1.000000  0.062938  0.763651 -0.391676  0.644779   \n",
       "CHAS    -0.055295 -0.042697  0.062938  1.000000  0.091203  0.091251  0.086518   \n",
       "NOX      0.417521 -0.516604  0.763651  0.091203  1.000000 -0.302188  0.731470   \n",
       "RM      -0.219940  0.311991 -0.391676  0.091251 -0.302188  1.000000 -0.240265   \n",
       "AGE      0.350784 -0.569537  0.644779  0.086518  0.731470 -0.240265  1.000000   \n",
       "DIS     -0.377904  0.664408 -0.708027 -0.099176 -0.769230  0.205246 -0.747881   \n",
       "RAD      0.622029 -0.311948  0.595129 -0.007368  0.611441 -0.209847  0.456022   \n",
       "TAX      0.579564 -0.314563  0.720760 -0.035587  0.668023 -0.292048  0.506456   \n",
       "PTRATIO  0.288250 -0.391679  0.383248 -0.121515  0.188933 -0.355501  0.261515   \n",
       "B       -0.377365  0.175520 -0.356977  0.048788 -0.380051  0.128069 -0.273534   \n",
       "LSTAT    0.452220 -0.412995  0.603800 -0.053929  0.590879 -0.613808  0.602339   \n",
       "MEDV    -0.385832  0.360445 -0.483725  0.175260 -0.427321  0.695360 -0.376955   \n",
       "\n",
       "              DIS       RAD       TAX   PTRATIO         B     LSTAT      MEDV  \n",
       "CRIM    -0.377904  0.622029  0.579564  0.288250 -0.377365  0.452220 -0.385832  \n",
       "ZN       0.664408 -0.311948 -0.314563 -0.391679  0.175520 -0.412995  0.360445  \n",
       "INDUS   -0.708027  0.595129  0.720760  0.383248 -0.356977  0.603800 -0.483725  \n",
       "CHAS    -0.099176 -0.007368 -0.035587 -0.121515  0.048788 -0.053929  0.175260  \n",
       "NOX     -0.769230  0.611441  0.668023  0.188933 -0.380051  0.590879 -0.427321  \n",
       "RM       0.205246 -0.209847 -0.292048 -0.355501  0.128069 -0.613808  0.695360  \n",
       "AGE     -0.747881  0.456022  0.506456  0.261515 -0.273534  0.602339 -0.376955  \n",
       "DIS      1.000000 -0.494588 -0.534432 -0.232471  0.291512 -0.496996  0.249929  \n",
       "RAD     -0.494588  1.000000  0.910228  0.464741 -0.444413  0.488676 -0.381626  \n",
       "TAX     -0.534432  0.910228  1.000000  0.460853 -0.441808  0.543993 -0.468536  \n",
       "PTRATIO -0.232471  0.464741  0.460853  1.000000 -0.177383  0.374044 -0.507787  \n",
       "B        0.291512 -0.444413 -0.441808 -0.177383  1.000000 -0.366087  0.333461  \n",
       "LSTAT   -0.496996  0.488676  0.543993  0.374044 -0.366087  1.000000 -0.737663  \n",
       "MEDV     0.249929 -0.381626 -0.468536 -0.507787  0.333461 -0.737663  1.000000  "
      ]
     },
     "execution_count": 368,
     "metadata": {},
     "output_type": "execute_result"
    }
   ],
   "source": [
    "df.corr(method='pearson')"
   ]
  },
  {
   "cell_type": "code",
   "execution_count": 369,
   "metadata": {
    "scrolled": false
   },
   "outputs": [
    {
     "data": {
      "text/plain": [
       "<matplotlib.axes._subplots.AxesSubplot at 0x10b4c4320>"
      ]
     },
     "execution_count": 369,
     "metadata": {},
     "output_type": "execute_result"
    },
    {
     "data": {
